74.37106918238993
74.21383647798743
74.29245283018868
74.84276729559748
75.05896226415095
74.68553459119497
74.94103773584905
73.54559748427673
74.74449685534591
74.5872641509434
74.35141509433963
75.687893081761
74.5872641509434
75.88443396226415
75.15723270440252
74.29245283018868
75.84512578616352
74.80345911949685
75.70754716981132
76.43474842767296
4.22562893081761
40.507075471698116
41.293238993710695
44.73270440251572
43.140723270440255
46.540880503144656
46.481918238993714
47.22877358490566
47.209119496855344
47.73977987421384
46.855345911949684
40.959119496855344
49.056603773584904
49.48899371069182
47.52358490566038
49.665880503144656
48.466981132075475
48.6438679245283
52.083333333333336
52.49606918238994
40.25157232704402
54.009433962264154
38.26650943396226
59.492924528301884
70.34198113207547
67.07940251572327
67.6493710691824
71.81603773584905
69.51650943396227
74.25314465408805
56.8003144654088
69.77201257861635
71.54088050314465
71.0495283018868
71.91430817610063
62.79481132075472
50.35377358490566
55.05110062893082
75.17688679245283
61.79245283018868
41.05738993710692
81.19103773584905
64.01336477987421
81.50550314465409
44.94889937106918
62.382075471698116
81.30896226415095
83.94261006289308
85.02358490566037
85.10220125786164
85.062893081761
81.03380503144655
86.32075471698113
87.44103773584905
86.96933962264151
83.8246855345912
81.34827044025157
73.60455974842768
51.84748427672956
71.06918238993711
82.76336477987421
86.10455974842768
76.45440251572327
56.6627358490566
93.1996855345912
95.89229559748428
95.65644654088051
80.40487421383648
40.015723270440255
95.69575471698113
86.14386792452831
91.19496855345912
95.87264150943396
86.96933962264151
91.19496855345912
88.97405660377359
84.80738993710692
95.61713836477988
92.49213836477988
96.71776729559748
94.33962264150944
77.83018867924528
54.854559748427675
89.03301886792453
79.26493710691824
93.94654088050315
48.408018867924525
63.42374213836478
70.53852201257861
45.97091194968554
64.20990566037736
97.58254716981132
61.20283018867924
77.81053459119497
94.77201257861635
53.871855345911946
91.74528301886792
96.54088050314465
56.269654088050316
53.18396226415094
37.617924528301884
35.43632075471698
60.51493710691824
69.04481132075472
47.916666666666664
47.52358490566038
59.53223270440252
86.87106918238993
94.26100628930817
68.94654088050315
96.99292452830188
82.17374213836477
97.48427672955975
67.96383647798743
88.40408805031447
46.79638364779874
38.97405660377358
35.750786163522015
42.570754716981135
47.680817610062896
93.23899371069183
97.32704402515724
97.38600628930817
95.38128930817611
47.2877358490566
40.3498427672956
47.130503144654085
48.3687106918239
50.825471698113205
72.54323899371069
63.463050314465406
95.02751572327044
97.38600628930817
97.73977987421384
93.062106918239
83.23506289308176
94.39858490566037
85.35770440251572
61.65487421383648
47.818396226415096
93.00314465408805
97.16981132075472
69.33962264150944
41.588050314465406
39.76022012578616
4.893867924528302
3.6556603773584904
2.731918238993711
2.319182389937107
3.891509433962264
2.2995283018867925
2.574685534591195
2.397798742138365
2.1029874213836477
3.419811320754717
2.1226415094339623
5.404874213836478
5.935534591194968
5.955188679245283
5.8569182389937104
5.915880503144654
5.915880503144654
4.029088050314465
5.522798742138365
2.1029874213836477
3.0660377358490565
2.830188679245283
2.830188679245283
2.181603773584906
3.970125786163522
2.240566037735849
2.063679245283019
3.0267295597484276
2.94811320754717
37.460691823899374
98.09355345911949
97.52358490566037
97.85770440251572
84.25707547169812
37.676886792452834
74.48899371069183
88.01100628930817
68.94654088050315
61.77279874213836
41.371855345911946
33.45125786163522
42.17767295597484
57.488207547169814
96.34433962264151
96.42295597484276
65.27122641509433
80.91588050314465
63.12893081761006
84.57154088050315
71.50157232704403
62.323113207547166
53.49842767295598
80.1493710691824
80.79795597484276
90.0746855345912
58.431603773584904
72.46462264150944
57.645440251572325
38.246855345911946
99.312106918239
98.87971698113208
68.49449685534591
99.23349056603773
95.9119496855346
70.95125786163523
95.06682389937107
67.68867924528301
98.23113207547169
93.90723270440252
93.53380503144655
98.8993710691824
97.32704402515724
78.22327044025157
75.33411949685535
54.97248427672956
94.96855345911949
96.22641509433963
97.07154088050315
97.48427672955975
97.7004716981132
46.992924528301884
83.80503144654088
97.8380503144654
95.61713836477988
56.30896226415094
56.230345911949684
95.61713836477988
97.22877358490567
98.97798742138365
92.49213836477988
93.84827044025157
93.8875786163522
73.52594339622641
97.77908805031447
48.99764150943396
84.04088050314465
58.490566037735846
92.19732704402516
99.60691823899371
68.29795597484276
56.44654088050314
58.628144654088054
72.18946540880503
98.80110062893081
98.76179245283019
85.90801886792453
74.78380503144655
39.32783018867924
98.60455974842768
70.99056603773585
53.63600628930818
79.48113207547169
98.42767295597484
95.14544025157232
96.875
94.83097484276729
98.15251572327044
97.93632075471699
83.09748427672956
53.518081761006286
67.13836477987421
93.16037735849056
69.14308176100629
50.35377358490566
99.05660377358491
39.15094339622642
75.0
85.29874213836477
90.91981132075472
92.62971698113208
89.01336477987421
96.30503144654088
62.460691823899374
81.64308176100629
98.52594339622641
93.59276729559748
53.026729559748425
95.93160377358491
96.75707547169812
99.43003144654088
99.07625786163523
95.7743710691824
90.52672955974843
99.23349056603773
80.44418238993711
98.38836477987421
94.18238993710692
87.06761006289308
95.93160377358491
51.98506289308176
93.90723270440252
98.40801886792453
81.09276729559748
72.44496855345912
94.06446540880503
92.55110062893081
85.77044025157232
95.28301886792453
97.60220125786164
97.85770440251572
96.95361635220125
97.50393081761007
97.64150943396227
98.44732704402516
95.34198113207547
83.687106918239
92.35455974842768
98.32940251572327
98.46698113207547
88.40408805031447
96.99292452830188
99.21383647798743
98.32940251572327
93.63207547169812
84.66981132075472
52.948113207547166
66.43081761006289
75.98270440251572
99.07625786163523
94.69339622641509
98.15251572327044
91.70597484276729
50.51100628930818
89.54402515723271
99.13522012578616
63.522012578616355
56.54481132075472
51.57232704402516
99.09591194968553
98.29009433962264
97.95597484276729
99.13522012578616
98.48663522012579
87.12657232704403
74.07625786163523
66.96147798742139
97.60220125786164
65.80188679245283
94.45754716981132
98.11320754716981
68.062106918239
73.84040880503144
85.65251572327044
96.54088050314465
99.27279874213836
99.4496855345912
51.395440251572325
55.8372641509434
63.50235849056604
87.83411949685535
95.99056603773585
92.33490566037736
44.04481132075472
98.25078616352201
65.36949685534591
80.09040880503144
92.04009433962264
92.17767295597484
93.04245283018868
90.50707547169812
98.66352201257861
98.76179245283019
99.05660377358491
42.806603773584904
50.314465408805034
50.64858490566038
92.49213836477988
93.08176100628931
49.390723270440255
90.58569182389937
92.49213836477988
77.10298742138365
85.29874213836477
76.04166666666667
62.893081761006286
69.7130503144654
79.34355345911949
75.92374213836477
64.34748427672956
85.65251572327044
88.12893081761007
63.246855345911946
75.60927672955975
69.00550314465409
92.49213836477988
92.66902515723271
92.17767295597484
92.49213836477988
92.90487421383648
51.13993710691824
49.331761006289305
44.084119496855344
97.38600628930817
97.11084905660377
58.25471698113208
97.0125786163522
51.57232704402516
42.786949685534594
44.791666666666664
29.7562893081761
37.323113207547166
75.23584905660377
77.77122641509433
82.33097484276729
87.5
54.992138364779876
73.95833333333333
92.29559748427673
3.0463836477987423
5.247641509433962
5.68003144654088
5.444182389937107
4.716981132075472
3.0070754716981134
4.815251572327044
82.52751572327044
92.7869496855346
88.62028301886792
75.25550314465409
68.55345911949685
79.20597484276729
85.84905660377359
89.46540880503144
77.26022012578616
74.52830188679245
40.369496855345915
32.90094339622642
45.263364779874216
41.804245283018865
70.87264150943396
98.15251572327044
61.4190251572327
41.82389937106918
96.875
99.39072327044025
97.16981132075472
72.99528301886792
39.20990566037736
61.85141509433962
88.30581761006289
5.9748427672955975
92.15801886792453
97.03223270440252
95.79402515723271
86.85141509433963
98.99764150943396
99.13522012578616
81.01415094339623
90.64465408805032
42.41352201257862
80.95518867924528
96.99292452830188
99.15487421383648
99.09591194968553
97.7004716981132
99.41037735849056
98.60455974842768
96.36399371069183
97.52358490566037
92.80660377358491
97.44496855345912
96.7374213836478
93.43553459119497
96.75707547169812
98.68317610062893
98.93867924528301
99.39072327044025
98.58490566037736
96.81603773584905
99.0369496855346
80.6996855345912
98.36871069182389
98.05424528301887
79.32389937106919
42.84591194968554
82.92059748427673
79.59905660377359
90.84119496855345
61.63522012578616
39.62264150943396
77.35849056603773
98.25078616352201
54.992138364779876
97.60220125786164
93.37657232704403
91.25393081761007
97.34669811320755
93.21933962264151
97.91666666666667
49.15487421383648
77.67295597484276
56.05345911949686
97.26808176100629
93.94654088050315
91.11635220125787
92.31525157232704
58.8246855345912
98.68317610062893
72.8380503144654
98.8993710691824
57.979559748427675
98.99764150943396
97.20911949685535
97.93632075471699
98.70283018867924
75.8254716981132
76.63128930817611
99.09591194968553
98.68317610062893
97.48427672955975
98.80110062893081
98.09355345911949
55.95518867924528
96.83569182389937
46.206761006289305
64.07232704402516
71.01022012578616
96.50157232704403
76.86713836477988
98.34905660377359
95.44025157232704
88.28616352201257
77.83018867924528
91.78459119496856
96.10849056603773
43.18003144654088
49.685534591194966
47.680817610062896
37.3624213836478
42.374213836477985
64.07232704402516
85.16116352201257
86.93003144654088
95.28301886792453
91.62735849056604
70.57783018867924
38.8561320754717
66.01808176100629
36.458333333333336
51.945754716981135
90.2122641509434
95.30267295597484
75.56996855345912
94.98820754716981
98.13286163522012
98.82075471698113
50.5503144654088
64.32783018867924
66.0377358490566
60.5935534591195
30.306603773584907
40.369496855345915
70.30267295597484
94.92924528301887
96.08883647798743
93.65172955974843
61.2814465408805
98.03459119496856
95.75471698113208
95.10613207547169
59.375
37.06761006289308
30.562106918238992
63.305817610062896
67.68867924528301
56.3875786163522
65.23191823899371
38.97405660377358
63.305817610062896
85.77044025157232
88.52201257861635
39.70125786163522
50.687893081761004
57.999213836477985
39.465408805031444
72.40566037735849
90.31053459119497
53.6753144654088
98.84040880503144
97.73977987421384
88.91509433962264
79.75628930817611
34.394654088050316
32.350628930817614
36.02594339622642
50.963050314465406
39.445754716981135
95.40094339622641
99.0369496855346
50.805817610062896
98.48663522012579
92.82625786163523
88.77751572327044
64.60298742138365
35.94732704402516
49.29245283018868
48.899371069182386
71.40330188679245
49.56761006289308
86.16352201257861
92.11871069182389
74.19418238993711
90.74292452830188
96.48191823899371
32.213050314465406
46.38364779874214
54.500786163522015
69.39858490566037
49.80345911949686
89.70125786163523
98.50628930817611
92.7869496855346
98.86006289308176
81.30896226415095
84.98427672955975
70.79402515723271
70.24371069182389
40.742924528301884
57.841981132075475
92.35455974842768
87.28380503144655
98.95833333333333
87.2248427672956
98.87971698113208
92.94418238993711
68.08176100628931
88.67924528301887
97.4253144654088
97.91666666666667
88.56132075471699
88.62028301886792
97.11084905660377
98.64386792452831
98.62421383647799
73.03459119496856
89.83883647798743
79.42216981132076
88.06996855345912
82.01650943396227
89.77987421383648
99.07625786163523
84.13915094339623
90.09433962264151
89.15094339622641
55.95518867924528
39.77987421383648
70.63679245283019
72.03223270440252
80.44418238993711
66.23427672955975
98.58490566037736
98.23113207547169
92.11871069182389
85.18081761006289
84.06053459119497
92.7869496855346
97.60220125786164
52.14229559748428
64.58333333333333
76.90644654088051
77.8498427672956
97.73977987421384
93.59276729559748
97.95597484276729
94.83097484276729
98.60455974842768
83.64779874213836
94.10377358490567
97.68081761006289
66.23427672955975
67.41352201257861
69.24135220125787
62.20518867924528
46.835691823899374
33.88364779874214
95.38128930817611
91.54874213836477
78.65566037735849
88.83647798742139
37.893081761006286
61.02594339622642
47.03223270440252
43.96619496855346
4.952830188679245
3.6556603773584904
3.2625786163522013
65.56603773584905
88.85613207547169
92.47248427672956
98.97798742138365
98.99764150943396
99.25314465408805
79.20597484276729
86.00628930817611
98.93867924528301
78.73427672955975
97.77908805031447
79.93317610062893
80.52279874213836
59.492924528301884
46.285377358490564
95.32232704402516
97.7004716981132
98.93867924528301
95.79402515723271
92.88522012578616
97.16981132075472
90.88050314465409
63.8561320754717
66.60770440251572
96.69811320754717
98.11320754716981
97.93632075471699
75.51100628930817
97.32704402515724
89.05267295597484
97.58254716981132
61.77279874213836
97.85770440251572
96.12814465408805
85.80974842767296
63.50235849056604
97.13050314465409
97.89701257861635
98.29009433962264
98.27044025157232
98.60455974842768
99.27279874213836
97.87735849056604
99.21383647798743
94.12342767295597
98.03459119496856
98.87971698113208
97.18946540880503
96.20676100628931
63.34512578616352
85.16116352201257
97.09119496855345
99.21383647798743
99.09591194968553
97.18946540880503
99.01729559748428
97.18946540880503
96.40330188679245
65.86084905660377
63.816823899371066
89.72091194968553
97.68081761006289
65.91981132075472
81.76100628930817
98.91902515723271
97.77908805031447
97.73977987421384
98.17216981132076
97.0125786163522
91.74528301886792
87.00864779874213
98.50628930817611
97.0125786163522
36.340408805031444
36.93003144654088
48.58490566037736
70.55817610062893
90.50707547169812
95.51886792452831
72.38600628930817
88.69889937106919
58.411949685534594
81.36792452830188
80.46383647798743
85.22012578616352
45.6564465408805
71.91430817610063
82.99921383647799
48.3687106918239
52.181603773584904
1.8474842767295598
2.1029874213836477
2.1029874213836477
4.5007861635220126
4.088050314465409
3.125
4.04874213836478
5.345911949685535
2.0440251572327046
2.0047169811320753
1.945754716981132
41.7059748427673
41.68632075471698
71.30503144654088
67.39386792452831
38.305817610062896
89.70125786163523
81.89858490566037
85.3380503144654
55.994496855345915
86.75314465408805
80.20833333333333
35.84905660377358
93.21933962264151
96.26572327044025
72.73977987421384
66.50943396226415
96.28537735849056
98.86006289308176
77.06367924528301
81.58411949685535
90.11399371069183
53.77358490566038
68.84827044025157
94.81132075471699
97.75943396226415
98.84040880503144
92.05974842767296
71.12814465408805
48.250786163522015
36.812106918238996
36.753144654088054
96.79638364779875
97.77908805031447
75.43238993710692
98.56525157232704
95.18474842767296
98.58490566037736
99.29245283018868
94.69339622641509
98.64386792452831
84.11949685534591
99.05660377358491
90.33018867924528
98.87971698113208
98.38836477987421
90.97877358490567
96.44261006289308
61.615566037735846
47.24842767295598
91.41116352201257
98.8993710691824
99.39072327044025
98.80110062893081
98.34905660377359
93.02279874213836
63.600628930817614
38.541666666666664
97.93632075471699
57.37028301886792
98.50628930817611
98.86006289308176
98.84040880503144
97.72012578616352
98.52594339622641
91.27358490566037
98.68317610062893
98.82075471698113
97.75943396226415
93.78930817610063
93.67138364779875
98.76179245283019
99.13522012578616
98.76179245283019
93.27830188679245
99.27279874213836
90.11399371069183
98.86006289308176
99.27279874213836
98.66352201257861
99.11556603773585
95.24371069182389
73.17216981132076
85.71147798742139
83.64779874213836
94.88993710691824
85.67216981132076
98.62421383647799
3.5770440251572326
97.38600628930817
99.52830188679245
98.58490566037736
98.87971698113208
93.69103773584905
90.91981132075472
80.58176100628931
98.93867924528301
78.97012578616352
99.13522012578616
96.95361635220125
97.50393081761007
83.17610062893081
82.11477987421384
85.02358490566037
96.69811320754717
97.91666666666667
89.64229559748428
94.00550314465409
98.11320754716981
85.53459119496856
98.36871069182389
89.95676100628931
99.21383647798743
98.86006289308176
99.41037735849056
96.81603773584905
87.67688679245283
98.34905660377359
97.48427672955975
48.604559748427675
85.2004716981132
75.07861635220125
63.40408805031446
98.19182389937107
87.7751572327044
89.34748427672956
97.62185534591195
92.57075471698113
82.76336477987421
76.53301886792453
85.79009433962264
96.69811320754717
97.85770440251572
94.24135220125787
98.23113207547169
99.01729559748428
91.96147798742139
97.85770440251572
98.72248427672956
98.17216981132076
40.97877358490566
73.36871069182389
83.84433962264151
62.185534591194966
71.02987421383648
91.92216981132076
83.33333333333333
88.06996855345912
92.43317610062893
72.2877358490566
77.79088050314465
80.34591194968553
39.111635220125784
37.401729559748425
77.5746855345912
3.7932389937106916
5.89622641509434
5.837264150943396
5.89622641509434
3.8128930817610063
5.5424528301886795
4.913522012578617
4.245283018867925
4.540094339622642
2.2995283018867925
5.404874213836478
5.915880503144654
5.935534591194968
5.640723270440252
3.7539308176100628
4.79559748427673
5.463836477987422
3.675314465408805
5.915880503144654
5.463836477987422
4.658018867924528
3.498427672955975
4.422169811320755
5.738993710691824
4.147012578616352
5.955188679245283
3.891509433962264
5.955188679245283
3.832547169811321
3.2429245283018866
4.205974842767295
5.4245283018867925
5.915880503144654
3.498427672955975
5.463836477987422
4.205974842767295
2.5943396226415096
5.32625786163522
5.955188679245283
4.323899371069182
2.063679245283019
3.459119496855346
4.9921383647798745
5.385220125786163
3.8128930817610063
5.89622641509434
5.935534591194968
76.35613207547169
98.60455974842768
98.82075471698113
95.44025157232704
95.42059748427673
97.81839622641509
58.37264150943396
98.23113207547169
99.07625786163523
99.76415094339623
99.54795597484276
96.02987421383648
99.41037735849056
98.74213836477988
69.00550314465409
88.01100628930817
98.21147798742139
97.24842767295597
96.95361635220125
98.32940251572327
97.2877358490566
99.35141509433963
99.35141509433963
98.99764150943396
93.00314465408805
98.42767295597484
96.85534591194968
99.0369496855346
98.86006289308176
95.30267295597484
63.246855345911946
90.625
96.4622641509434
98.21147798742139
97.09119496855345
98.78144654088051
92.76729559748428
63.089622641509436
93.63207547169812
98.27044025157232
98.03459119496856
77.96776729559748
75.74685534591195
88.48270440251572
89.28852201257861
98.86006289308176
97.93632075471699
97.81839622641509
99.48899371069183
97.52358490566037
99.48899371069183
88.67924528301887
87.83411949685535
74.07625786163523
77.39779874213836
68.80896226415095
98.76179245283019
98.66352201257861
98.87971698113208
98.50628930817611
98.11320754716981
94.79166666666667
98.84040880503144
98.54559748427673
86.91037735849056
92.98349056603773
98.78144654088051
98.68317610062893
99.13522012578616
97.05188679245283
51.591981132075475
77.51572327044025
54.12735849056604
66.82389937106919
62.20518867924528
38.20754716981132
67.25628930817611
62.735849056603776
75.4127358490566
92.57075471698113
98.64386792452831
95.18474842767296
73.58490566037736
82.05581761006289
62.99135220125786
81.5251572327044
35.67216981132076
71.75707547169812
47.73977987421384
30.28694968553459
29.638364779874212
48.054245283018865
71.89465408805032
63.20754716981132
76.63128930817611
36.93003144654088
76.35613207547169
78.5377358490566
94.10377358490567
88.3254716981132
81.19103773584905
61.340408805031444
44.988207547169814
39.661949685534594
77.437106918239
65.86084905660377
81.42688679245283
98.76179245283019
98.40801886792453
86.08490566037736
97.52358490566037
97.20911949685535
92.27594339622641
57.055817610062896
61.71383647798742
44.45754716981132
87.28380503144655
48.899371069182386
50.05896226415094
93.3372641509434
95.26336477987421
37.676886792452834
54.009433962264154
54.18632075471698
93.3372641509434
98.13286163522012
98.54559748427673
98.38836477987421
99.43003144654088
99.43003144654088
98.62421383647799
99.0369496855346
98.38836477987421
72.20911949685535
96.26572327044025
83.98191823899371
97.73977987421384
99.0369496855346
92.76729559748428
69.39858490566037
94.45754716981132
99.312106918239
93.10141509433963
99.27279874213836
92.51179245283019
95.89229559748428
97.9756289308176
89.19025157232704
69.31996855345912
99.5872641509434
98.99764150943396
73.13286163522012
63.541666666666664
88.12893081761007
97.38600628930817
88.69889937106919
98.21147798742139
66.5880503144654
94.75235849056604
95.38128930817611
79.06839622641509
91.94182389937107
91.52908805031447
99.29245283018868
64.40644654088051
82.82232704402516
46.992924528301884
79.75628930817611
71.71776729559748
40.99842767295598
98.82075471698113
99.74449685534591
99.05660377358491
97.38600628930817
79.52044025157232
85.51493710691824
98.64386792452831
98.54559748427673
94.5754716981132
89.50471698113208
97.58254716981132
86.04559748427673
85.3380503144654
81.5251572327044
82.09512578616352
97.46462264150944
96.40330188679245
99.56761006289308
99.5872641509434
98.68317610062893
98.46698113207547
98.99764150943396
92.33490566037736
50.62893081761006
46.403301886792455
60.829402515723274
65.84119496855345
4.638364779874214
5.758647798742138
98.52594339622641
99.39072327044025
62.047955974842765
64.05267295597484
89.50471698113208
66.90251572327044
99.15487421383648
34.119496855345915
43.356918238993714
92.23663522012579
95.85298742138365
39.229559748427675
96.16745283018868
47.52358490566038
32.38993710691824
63.91509433962264
64.20990566037736
98.11320754716981
66.25393081761007
70.02751572327044
98.78144654088051
68.10141509433963
68.4748427672956
40.880503144654085
71.16745283018868
69.14308176100629
87.81446540880503
97.11084905660377
91.90251572327044
29.205974842767297
93.75
99.07625786163523
88.12893081761007
98.42767295597484
53.793238993710695
74.48899371069183
54.95283018867924
29.97248427672956
5.935534591194968
5.9748427672955975
5.738993710691824
4.736635220125786
65.33018867924528
59.72877358490566
47.22877358490566
56.151729559748425
66.66666666666667
96.83569182389937
62.34276729559748
79.79559748427673
98.30974842767296
98.38836477987421
99.50864779874213
85.94732704402516
93.55345911949685
83.58883647798743
97.9756289308176
99.64622641509433
5.738993710691824
78.69496855345912
98.15251572327044
33.136792452830186
72.64150943396227
92.11871069182389
57.645440251572325
94.31996855345912
99.23349056603773
99.46933962264151
84.98427672955975
99.1745283018868
99.19418238993711
88.65959119496856
83.37264150943396
96.5998427672956
96.5998427672956
55.73899371069182
90.9001572327044
72.72012578616352
32.4685534591195
96.36399371069183
79.04874213836477
5.738993710691824
99.09591194968553
99.48899371069183
98.48663522012579
94.79166666666667
48.545597484276726
55.149371069182386
99.43003144654088
98.72248427672956
99.46933962264151
79.67767295597484
99.48899371069183
80.32625786163523
90.58569182389937
92.41352201257861
99.33176100628931
99.25314465408805
99.64622641509433
99.60691823899371
99.19418238993711
98.36871069182389
85.31839622641509
91.98113207547169
95.87264150943396
80.11006289308176
66.35220125786164
60.16116352201258
77.14229559748428
98.36871069182389
98.19182389937107
99.33176100628931
92.88522012578616
82.72405660377359
17.629716981132077
95.93160377358491
65.68396226415095
76.90644654088051
57.38993710691824
64.48506289308176
81.64308176100629
95.67610062893081
93.12106918238993
94.45754716981132
97.09119496855345
99.23349056603773
95.51886792452831
98.82075471698113
98.42767295597484
89.62264150943396
86.32075471698113
97.99528301886792
96.875
89.81918238993711
96.50157232704403
84.17845911949685
85.80974842767296
94.3003144654088
83.31367924528301
85.18081761006289
72.05188679245283
90.54638364779875
95.65644654088051
92.68867924528301
93.10141509433963
77.35849056603773
92.37421383647799
92.86556603773585
84.17845911949685
92.59040880503144
91.43081761006289
92.21698113207547
87.93238993710692
89.83883647798743
89.81918238993711
89.34748427672956
87.83411949685535
87.57861635220125
87.32311320754717
85.92767295597484
82.17374213836477
48.42767295597484
42.98349056603774
55.38522012578616
69.26100628930817
71.42295597484276
42.216981132075475
60.51493710691824
37.99135220125786
38.20754716981132
72.66116352201257
69.45754716981132
49.84276729559748
35.966981132075475
59.0998427672956
56.62342767295598
28.61635220125786
30.28694968553459
37.480345911949684
34.5125786163522
50.76650943396226
62.42138364779874
60.534591194968556
35.80974842767296
63.030660377358494
70.85298742138365
65.82154088050315
64.32783018867924
40.448113207547166
46.187106918238996
43.081761006289305
32.17374213836478
45.89229559748428
21.16745283018868
22.346698113207548
38.48270440251572
31.977201257861637
49.980345911949684
35.908018867924525
38.26650943396226
19.92924528301887
32.58647798742138
42.5314465408805
27.41745283018868
25.373427672955973
39.83883647798742
27.33883647798742
51.06132075471698
22.58254716981132
56.89858490566038
34.29638364779874
50.76650943396226
49.70518867924528
44.75235849056604
26.17924528301887
20.322327044025158
39.308176100628934
21.34433962264151
28.34119496855346
25.157232704402517
28.61635220125786
34.94496855345912
41.76493710691824
38.305817610062896
51.4937106918239
27.12264150943396
40.27122641509434
43.31761006289308
48.99764150943396
47.07154088050314
37.460691823899374
30.345911949685533
30.915880503144653
40.369496855345915
39.20990566037736
38.5809748427673
38.305817610062896
37.401729559748425
36.59591194968554
36.458333333333336
35.49528301886792
35.7311320754717
35.475628930817614
35.23977987421384
34.827044025157235
34.610849056603776
34.257075471698116
33.765723270440255
33.411949685534594
15.66430817610063
29.559748427672957
27.55503144654088
15.44811320754717
14.819182389937106
13.482704402515724
4.834905660377358
4.599056603773585
7.979559748427673
8.824685534591195
8.785377358490566
8.647798742138365
4.284591194968553
4.264937106918239
8.05817610062893
8.018867924528301
6.367924528301887
7.448899371069182
7.547169811320755
6.937893081761007
7.5668238993710695
7.448899371069182
7.468553459119497
7.448899371069182
6.623427672955975
6.4072327044025155
6.702044025157233
6.564465408805032
6.5251572327044025
6.485849056603773
6.191037735849057
6.0927672955974845
5.817610062893082
75.62893081761007
75.78616352201257
74.8624213836478
76.00235849056604
74.54795597484276
75.4127358490566
75.86477987421384
75.1375786163522
74.54795597484276
74.54795597484276
74.4496855345912
75.47169811320755
75.11792452830188
75.31446540880503
74.5872641509434
75.4127358490566
75.86477987421384
75.19654088050315
74.43003144654088
74.70518867924528
