[0.         0.00206557 0.00516406 0.00922541 0.01291015 0.01738534
 0.02306366 0.02781405 0.03227537 0.037685   0.04346347 0.05035439
 0.05765916 0.06523934 0.06953525 0.0744312  0.08068843 0.086611
 0.09421263 0.10314361 0.10865872 0.1159666  0.12588616 0.13357996
 0.14414798 0.16       0.16309844 0.16774609 0.1738382  0.17936522
 0.18607808 0.19459549 0.20172115 0.20841306 0.21652758 0.22519523
 0.2355317  0.24648879 0.25785906 0.26430292 0.27164685 0.28103269
 0.28991655 0.30131902 0.31471544 0.32298811 0.33394993 0.34882926
 0.36036996 0.37622197 0.4        0.40309844 0.40774609 0.4138382
 0.41936522 0.42607808 0.43459549 0.44172115 0.44841306 0.45652758
 0.46519523 0.4755317  0.48648879 0.49785906 0.50430292 0.51164685
 0.52103269 0.52991655 0.54131902 0.55471544 0.56298811 0.57394993
 0.58882926 0.60036996 0.61622197 0.64       0.64464765 0.65161913
 0.6607573  0.66904783 0.67911714 0.69189327 0.70258175 0.71261961
 0.72479141 0.73779287 0.75329756 0.76973318 0.78678859 0.79645438
 0.80747028 0.82154905 0.83487485 0.85197853 0.87207316 0.88448217
 0.90092491 0.92324389 0.94055494 0.96433297 1.        ]
[ 0.  1.  2.  3.  0.  5.  6.  7.  0.  9. 10. 11.  0. 12. 11. 10. 16.  8.
 18.  6. 20.  4. 22.  2.  1.  0.  1.  2.  3.  0.  5.  0.  7.  8.  9. 10.
 14. 12. 12. 11. 10.  9.  8.  7.  6.  5.  4.  3.  2.  1.  0. 49.  0. 47.
  0.  5.  0.  7.  8.  9. 10. 11. 12. 13. 36. 10.  9.  8.  7.  6.  5.  4.
  3.  2.  1.  0.  0.  0.  0.  4.  5.  6. 18.  8.  9. 10. 11. 12.  0.  0.
 10.  9.  8.  7.  0.  5.  4.  0.  2.  1.  0.]
